9.114730e-01 1.814196e-01 -1.117029e+00 -9.963439e-01 -6.740372e-01 -5.444888e-03 1.664972e-04 -6.682424e-03 1.232927e+00 2.048861e-01 2.191900e+00 -1.417768e+00 -1.020092e+00 -4.721706e-03 4.840091e-04 1.322480e-03 1.083708e+00 8.470380e-02 -3.373760e-01 -1.294686e+00 -6.024817e-01 1.298505e-03 -3.837006e-04 9.132040e-03 
9.356461e-01 1.619346e-01 -1.444984e+00 -1.098028e+00 -5.643525e-01 -6.652267e-04 -1.704085e-05 -7.568287e-03 1.356014e+00 1.148039e-01 1.728856e+00 -1.161659e+00 -8.857342e-01 -8.835244e-04 1.591231e-04 -1.794309e-03 1.018792e+00 9.453939e-02 -4.919379e-01 -1.266473e+00 -5.732320e-01 6.354499e-04 -1.242182e-04 8.290008e-03 
1.126913e+00 2.051583e-02 -1.651404e+00 -6.833330e-01 -6.500597e-01 1.002846e-03 -6.727860e-04 -1.845438e-03 7.776082e-01 4.093366e-01 1.294039e+00 -1.525704e+00 -8.815553e-01 -2.759538e-03 3.623979e-04 1.821451e-03 9.744121e-01 1.084562e-01 -3.831362e-01 -1.208697e+00 -5.820882e-01 8.745809e-04 -2.040761e-04 9.106407e-03 
4.702731e-01 2.403954e-01 -3.111622e+00 -9.375437e-01 -4.380347e-01 -4.998114e-03 1.024946e-03 2.734449e-03 9.540860e-01 2.578483e-01 1.191790e+00 -1.362586e+00 -8.662645e-01 -2.416215e-03 1.013266e-03 6.497166e-03 1.040570e+00 8.071951e-02 -1.899994e-01 -1.282952e+00 -6.263101e-01 9.953600e-04 1.517719e-04 1.243907e-02 
1.020427e+00 -4.666067e-01 4.039849e+00 -1.378921e+00 -1.058113e+00 -3.665226e-03 1.335986e-03 -2.035539e-03 1.260879e+00 1.932870e-01 2.405095e+00 -1.375363e+00 -1.053627e+00 -3.688814e-03 2.064100e-04 -2.500093e-03 9.493339e-01 1.401815e-01 -3.887794e-01 -1.192450e+00 -5.902972e-01 8.255536e-04 -2.001345e-04 8.252916e-03 
7.817265e-01 2.201439e-01 -1.400006e+00 -6.067712e-01 -4.767070e-01 -1.693494e-04 -8.875124e-04 3.127578e-04 1.293527e+00 1.104249e-01 1.855828e+00 -1.090862e+00 -9.606139e-01 -1.636164e-03 -8.216763e-05 3.328830e-03 1.056434e+00 7.273724e-02 -2.816853e-01 -1.233342e+00 -6.074910e-01 8.816209e-04 -6.501579e-05 8.635526e-03 
1.160013e+00 9.311391e-02 -4.202803e-01 -8.077562e-01 -6.515308e-01 -1.332090e-03 -6.666278e-04 -1.689276e-02 1.201354e+00 1.798319e-01 1.972518e+00 -1.451429e+00 -9.915446e-01 -2.353240e-03 2.458609e-04 -1.909931e-03 1.091723e+00 3.765509e-02 -3.763949e-01 -1.235623e+00 -6.111578e-01 5.948045e-04 -4.695838e-05 8.768142e-03 
5.474313e-01 2.817293e-01 -1.910536e+00 -1.283863e+00 -5.801460e-01 -5.842010e-03 8.229314e-04 -9.513147e-04 1.015241e+00 2.875011e-01 2.159868e+00 -1.579764e+00 -9.945514e-01 -5.117402e-03 7.364322e-04 3.102308e-03 1.048249e+00 6.995096e-02 -3.332306e-01 -1.182476e+00 -6.016939e-01 9.646810e-04 -4.208499e-04 8.363939e-03 
1.219283e+00 -1.209808e-01 -1.467219e+00 -6.498364e-01 -7.087795e-01 -5.464880e-03 1.220261e-03 2.977886e-03 1.282456e+00 1.288924e-01 2.248266e+00 -1.303287e+00 -1.009758e+00 -4.178763e-03 9.655077e-04 1.659481e-03 1.040101e+00 8.747129e-02 -3.935048e-01 -1.229130e+00 -5.980102e-01 7.018301e-04 7.822048e-05 8.182289e-03 
1.081358e+00 6.907590e-02 -1.702173e+00 -1.024574e+00 -6.809753e-01 2.111524e-03 -1.577050e-03 -1.082371e-02 1.085009e+00 2.187792e-01 1.265948e+00 -1.318896e+00 -9.066438e-01 -4.057380e-04 -2.991837e-04 1.059322e-03 1.011177e+00 1.019402e-01 -3.378768e-01 -1.215381e+00 -6.005388e-01 1.439420e-03 -1.734512e-04 7.989339e-03 
1.274593e+00 -7.813944e-02 2.178011e+00 -1.694752e+00 -9.467146e-01 -3.223163e-03 5.037135e-04 6.406215e-03 9.923743e-01 2.941719e-01 1.098704e+00 -1.710718e+00 -9.034546e-01 -2.799786e-03 4.594908e-04 2.914407e-03 1.004391e+00 1.646182e-01 -2.041150e-01 -1.326300e+00 -5.757362e-01 3.639312e-04 -2.931270e-04 1.305092e-02 
6.944545e-01 -3.599871e-01 3.331779e+00 -1.441388e+00 -8.749858e-01 -5.308163e-03 1.602376e-03 1.434945e-02 8.224044e-01 3.424471e-01 1.552410e+00 -1.338191e+00 -8.394191e-01 -3.335180e-03 1.262528e-03 6.582343e-03 9.981220e-01 1.133100e-01 -3.440261e-01 -1.255931e+00 -5.898612e-01 7.166143e-04 -1.272645e-05 8.369740e-03 
6.717970e-01 2.520843e-01 -1.932175e+00 -9.647176e-01 -5.036268e-01 -1.031410e-03 6.216797e-05 -4.362241e-03 8.454925e-01 3.446242e-01 1.362323e+00 -1.417289e+00 -8.449780e-01 -2.937695e-03 7.564640e-04 4.939295e-03 9.955514e-01 9.735002e-02 -4.245953e-01 -1.221350e+00 -5.833305e-01 7.021563e-04 -1.007588e-04 1.115538e-02 
1.364234e+00 7.438681e-02 1.932582e+00 -1.869474e+00 -7.928068e-01 -1.309992e-03 2.718852e-03 9.567949e-03 8.784309e-01 3.377653e-01 1.497632e+00 -1.594222e+00 -9.073479e-01 -3.056393e-03 1.096308e-03 2.305080e-03 1.031301e+00 9.362776e-02 -3.549972e-01 -1.298171e+00 -5.884530e-01 1.147980e-03 -1.917995e-04 1.079965e-02 
1.150840e+00 2.264185e-02 -1.285798e+00 -1.184397e+00 -7.176800e-01 -1.841559e-04 2.659600e-04 -7.783849e-03 1.171659e+00 2.053435e-01 1.742009e+00 -1.564485e+00 -9.479092e-01 -6.518053e-04 6.227570e-04 3.321124e-04 1.145332e+00 5.949356e-02 -2.887430e-01 -1.288804e+00 -6.008759e-01 1.242577e-03 -9.483996e-05 9.021380e-03 
8.473965e-01 -3.870286e-01 4.073816e+00 -1.763884e+00 -1.105895e+00 -8.084016e-03 9.993660e-04 6.810270e-03 1.108568e+00 -7.998859e-04 -2.841203e-01 -1.249614e+00 -6.256189e-01 5.031531e-04 -2.624850e-04 8.531981e-03 1.064336e+00 4.142568e-02 -3.426434e-01 -1.237055e+00 -6.249052e-01 4.829016e-04 -2.626840e-04 9.265922e-03 
1.152850e+00 -3.505312e-01 3.436982e+00 -1.482510e+00 -9.856555e-01 -5.369810e-03 1.058961e-03 1.435103e-02 1.095171e+00 1.944003e-01 1.901256e+00 -1.359911e+00 -9.433703e-01 -3.178998e-03 7.609617e-04 6.176051e-03 1.092398e+00 4.305717e-02 -2.184899e-01 -1.231582e+00 -6.093979e-01 7.721525e-04 1.849749e-04 9.988715e-03 
9.468529e-01 7.153441e-02 -2.172844e+00 -8.012628e-01 -5.672663e-01 -3.471509e-03 1.301845e-05 -7.844754e-03 1.353753e+00 1.141973e-01 2.068024e+00 -1.422714e+00 -1.036106e+00 -2.647982e-03 4.988707e-04 -1.885126e-03 1.020437e+00 8.531695e-02 -3.658381e-01 -1.231300e+00 -6.105221e-01 7.782290e-04 8.872758e-05 9.291915e-03 
1.234972e+00 7.637546e-03 2.297529e+00 -1.545725e+00 -9.338035e-01 -2.339700e-03 2.583093e-04 5.395214e-03 1.131745e+00 1.911783e-01 1.311693e+00 -1.268641e+00 -8.935158e-01 -2.745159e-04 -2.725876e-04 2.292077e-03 1.018784e+00 1.819443e-01 -5.900881e-03 -1.206618e+00 -6.054701e-01 1.120200e-03 -5.273747e-04 1.389511e-02 
8.686552e-01 1.846448e-01 -1.128175e+00 -1.356521e+00 -7.773578e-01 1.603145e-03 -8.770904e-04 -7.995149e-03 9.355964e-01 3.043391e-01 1.828557e+00 -1.422069e+00 -9.719065e-01 -2.324569e-03 3.439216e-04 1.320253e-04 1.036841e+00 9.103555e-02 -2.762884e-01 -1.237036e+00 -6.109542e-01 1.031751e-03 -8.958936e-05 1.047575e-02 
1.036374e+00 9.231758e-04 -1.852363e+00 -8.531221e-01 -6.290205e-01 2.663682e-04 6.680271e-04 5.633193e-03 1.188804e+00 1.727481e-01 1.555289e+00 -1.426097e+00 -9.309450e-01 -6.064142e-04 6.383991e-04 -2.243875e-04 1.034544e+00 1.020488e-01 -1.680438e-01 -1.251678e+00 -6.040846e-01 9.073875e-04 5.705350e-07 1.275682e-02 
7.992236e-01 2.296156e-01 -5.408147e-01 -1.115655e+00 -7.847232e-01 -2.489948e-03 2.228216e-04 -1.952074e-03 7.382774e-01 3.944731e-01 1.321121e+00 -1.379859e+00 -8.875561e-01 -2.969573e-03 4.304108e-04 3.861121e-04 9.601024e-01 1.291443e-01 -4.219061e-01 -1.210377e+00 -5.743133e-01 6.600411e-04 -5.999014e-05 1.095964e-02 
7.321104e-01 -2.333727e-01 3.091967e+00 -1.553176e+00 -9.310461e-01 -5.022929e-03 1.056858e-03 1.050138e-02 1.009066e+00 2.608920e-01 1.622557e+00 -1.447545e+00 -9.084107e-01 -2.299618e-03 1.737415e-04 4.566670e-03 1.020900e+00 9.399285e-02 -4.280223e-01 -1.256822e+00 -5.894728e-01 3.675865e-04 3.350245e-05 1.059514e-02 
1.150525e+00 -9.459537e-01 4.531338e+00 -1.487192e+00 -9.841071e-01 -6.630390e-03 1.139494e-03 1.949221e-02 1.145686e+00 1.204242e-01 1.813990e+00 -1.233011e+00 -9.662423e-01 -2.638359e-03 1.843974e-04 2.657316e-03 9.744540e-01 1.082358e-01 -3.580762e-01 -1.208232e+00 -5.851114e-01 5.278387e-04 -5.598121e-05 1.214886e-02 
1.048169e+00 -2.209234e-01 2.760680e+00 -1.599318e+00 -9.448989e-01 -1.763966e-03 2.238574e-03 -1.416976e-04 1.087347e+00 2.008857e-01 1.819818e+00 -1.576264e+00 -9.614144e-01 -2.649382e-03 9.613276e-04 1.862896e-03 1.096805e+00 3.679185e-02 -3.037401e-01 -1.239846e+00 -6.144714e-01 7.365138e-04 -1.216796e-05 9.850460e-03 
8.540431e-01 1.358691e-01 -1.321627e+00 -5.715022e-01 -5.045074e-01 -5.036148e-03 1.306969e-03 9.527485e-03 1.003346e+00 2.580244e-01 1.156109e+00 -1.433834e+00 -8.261284e-01 -2.185558e-03 8.316958e-04 5.915888e-03 1.003180e+00 1.212144e-01 -3.780852e-01 -1.277270e+00 -5.754595e-01 1.019874e-03 3.740672e-05 7.083031e-03 
8.913326e-01 2.406332e-01 -9.263998e-01 -1.574450e+00 -7.591752e-01 1.551874e-03 -1.275065e-03 -1.189271e-02 1.189073e+00 2.196677e-01 2.164928e+00 -1.455515e+00 -1.003313e+00 -1.757557e-03 -2.611687e-04 2.200229e-03 1.065517e+00 8.584456e-02 -9.646456e-02 -1.271638e+00 -6.123298e-01 1.225261e-03 -2.573565e-04 1.156847e-02 
7.337461e-01 2.056096e-01 -1.994923e+00 -8.618605e-01 -5.647887e-01 -2.980168e-03 5.001800e-05 -3.217124e-03 1.105031e+00 6.430204e-02 -2.914266e-01 -1.161919e+00 -6.080240e-01 1.714992e-04 -4.588248e-05 7.540993e-03 1.116982e+00 1.173078e-01 1.252428e-01 -1.163584e+00 -6.330752e-01 8.477719e-04 -1.494781e-04 1.100754e-02 
1.141868e+00 -8.839214e-01 4.913790e+00 -1.442540e+00 -1.094671e+00 -7.114853e-03 9.710181e-04 1.264431e-02 1.272872e+00 1.432973e-01 2.095411e+00 -1.316165e+00 -1.008350e+00 -3.095372e-03 4.601477e-04 2.728791e-03 1.036523e+00 6.379376e-02 -4.909024e-01 -1.224539e+00 -5.833641e-01 4.691778e-04 6.136234e-05 1.103419e-02 
9.739702e-01 5.268841e-02 1.548802e+00 -1.574845e+00 -7.435139e-01 -7.119740e-04 1.864040e-03 1.137175e-02 9.527402e-01 2.418209e-01 1.358973e+00 -1.443159e+00 -8.575491e-01 -2.491384e-03 6.307001e-04 7.823291e-03 1.049240e+00 6.715022e-02 -3.415360e-01 -1.218548e+00 -5.938873e-01 8.231825e-04 1.026100e-04 9.054537e-03 
4.455687e-01 -3.444886e-01 2.962571e+00 -1.483133e+00 -9.604774e-01 -5.881944e-03 1.138194e-03 7.786186e-03 1.089246e+00 1.698372e-01 1.278273e+00 -1.466882e+00 -9.079182e-01 -2.657679e-03 3.476805e-04 5.267808e-03 1.060827e+00 4.447268e-02 -3.979989e-01 -1.229014e+00 -6.018991e-01 9.859256e-04 -1.796194e-04 8.542021e-03 
1.132454e+00 6.706603e-02 -1.180352e+00 -1.187652e+00 -7.267955e-01 6.040903e-04 -6.474393e-04 -1.080593e-02 1.176368e+00 2.023007e-01 1.645191e+00 -1.438257e+00 -9.215879e-01 -8.482174e-04 2.025997e-04 6.555349e-04 1.020471e+00 1.086494e-01 -3.497744e-01 -1.264948e+00 -5.854508e-01 1.006663e-03 -2.887772e-04 1.041694e-02 
4.782563e-01 1.556908e-01 -4.838881e+00 7.716563e-02 -3.527402e-02 -2.063444e-03 -4.941897e-04 -1.366801e-03 8.750457e-01 3.362790e-01 1.211824e+00 -1.311882e+00 -8.115351e-01 -1.945278e-03 -1.064672e-04 7.055467e-04 9.557324e-01 1.328829e-01 -3.475876e-01 -1.207531e+00 -5.547297e-01 9.343493e-04 -3.592240e-04 8.929130e-03 
7.142230e-01 -1.039757e-01 2.499971e+00 -1.326398e+00 -8.756833e-01 -3.463501e-03 1.845066e-03 8.954796e-03 9.631467e-01 2.600156e-01 1.359675e+00 -1.262816e+00 -8.630587e-01 -2.423110e-03 7.423644e-04 8.600752e-03 9.636922e-01 1.025114e-01 -4.234835e-01 -1.205092e+00 -5.912541e-01 9.791245e-04 -9.400901e-05 1.053860e-02 
9.256850e-01 1.927085e-01 -2.111120e-01 -1.904994e+00 -9.364968e-01 3.445613e-03 -1.128283e-03 -5.434718e-03 1.116879e+00 1.776937e-01 2.189858e+00 -1.363247e+00 -1.011246e+00 -3.708386e-03 7.063835e-04 1.572790e-03 1.095471e+00 4.789888e-02 -1.987485e-01 -1.238210e+00 -6.255006e-01 1.229031e-03 -1.754417e-04 1.013894e-02 
8.748152e-01 7.149121e-02 -2.045505e+00 -4.563554e-01 -5.001888e-01 -3.362058e-03 4.541726e-04 4.463816e-03 1.039607e+00 2.850537e-01 2.008664e+00 -1.491649e+00 -9.564423e-01 -3.127506e-03 3.412692e-04 -2.363879e-04 1.065378e+00 7.617473e-02 -3.215802e-01 -1.232445e+00 -5.846091e-01 8.617169e-04 -7.598140e-05 7.544529e-03 
1.068146e+00 -3.731768e-04 -2.518062e+00 -1.055833e+00 -5.917092e-01 3.194208e-03 -8.947954e-04 -3.617769e-03 1.061000e+00 2.270132e-01 1.093711e+00 -1.358597e+00 -8.237229e-01 1.004169e-05 9.681794e-05 9.037198e-04 1.019744e+00 8.957718e-02 -3.381328e-01 -1.218903e+00 -5.773968e-01 -2.253267e-05 1.532759e-04 9.790061e-03 
7.425460e-01 -1.612082e-01 3.080952e+00 -1.673678e+00 -8.331600e-01 -2.657075e-03 2.175574e-03 2.345678e-03 8.229641e-01 4.095981e-01 1.650269e+00 -1.501074e+00 -8.748625e-01 -2.414175e-03 3.864544e-04 -1.617566e-04 1.027103e+00 1.146586e-01 -2.705442e-01 -1.266880e+00 -5.791859e-01 1.136944e-03 5.923644e-05 7.838329e-03 
8.197700e-01 -7.475962e-01 4.500093e+00 -1.672628e+00 -1.077189e+00 -1.061931e-02 5.535706e-04 1.575427e-02 1.058178e+00 2.704970e-01 1.742811e+00 -1.541712e+00 -9.935352e-01 -5.085593e-03 1.658469e-04 3.305027e-03 1.010621e+00 9.460395e-02 -3.781320e-01 -1.265943e+00 -6.044920e-01 4.231694e-04 -2.903565e-04 1.205890e-02 
1.127791e+00 -1.957239e-01 3.772005e+00 -1.691329e+00 -1.090375e+00 -8.302250e-03 5.707266e-04 7.451879e-03 1.109677e+00 1.930881e-01 1.715312e+00 -1.440374e+00 -1.014455e+00 -3.798825e-03 -9.471358e-05 -2.953286e-03 1.101374e+00 1.216990e-01 1.232294e-01 -1.204359e+00 -6.429761e-01 1.521372e-03 -6.255110e-04 1.121101e-02 
