1.265163e+00 5.849145e-04 7.532733e-01 -1.481966e+00 -8.762583e-01 -1.992216e-03 1.804859e-04 1.589300e-02 1.120491e+00 1.198887e-01 9.016789e-01 -1.381577e+00 -7.985081e-01 -2.984350e-03 3.576550e-04 5.711681e-03 1.102927e+00 1.326011e-01 9.622071e-01 -1.373797e+00 -7.983778e-01 -3.064503e-03 5.820544e-04 6.327215e-03 
9.066409e-01 2.109261e-01 1.856400e-01 -1.241920e+00 -8.118778e-01 -1.320324e-03 8.698088e-06 6.953432e-03 1.034294e+00 1.628106e-01 1.110431e+00 -1.297684e+00 -8.600519e-01 -1.872552e-03 2.329971e-04 3.464242e-03 1.089114e+00 1.469234e-01 1.046118e+00 -1.301144e+00 -8.248991e-01 -2.046649e-03 1.600075e-04 5.272336e-03 
1.125400e+00 8.094635e-02 1.066433e+00 -1.479285e+00 -9.075676e-01 -1.972867e-03 4.989246e-04 1.094093e-02 1.018295e+00 1.469695e-01 1.098749e+00 -1.278064e+00 -8.345709e-01 -3.466843e-03 8.120590e-04 1.304111e-02 1.047802e+00 1.486916e-01 1.204794e+00 -1.278302e+00 -8.332777e-01 -2.922909e-03 5.684434e-04 8.223102e-03 
9.874614e-01 1.987635e-01 8.149481e-01 -1.342174e+00 -8.262143e-01 -2.798748e-04 -5.937264e-05 1.948172e-02 1.077854e+00 1.559474e-01 1.129927e+00 -1.345828e+00 -8.760339e-01 -1.751566e-03 2.064365e-04 1.448691e-02 1.053437e+00 1.690261e-01 1.036879e+00 -1.306951e+00 -8.380561e-01 -2.208627e-03 1.907693e-04 8.693331e-03 
1.234738e+00 4.188594e-02 1.250872e+00 -1.563669e+00 -9.679667e-01 -1.093236e-03 4.087281e-04 1.199887e-02 1.095613e+00 1.421310e-01 1.241162e+00 -1.333229e+00 -8.527796e-01 -2.486197e-03 2.689552e-04 6.489552e-03 1.102521e+00 1.148294e-01 1.001441e+00 -1.293547e+00 -8.202023e-01 -2.698064e-03 2.779096e-04 5.023287e-03 
9.783681e-01 1.925286e-01 5.290018e-01 -1.286878e+00 -8.417167e-01 -3.551201e-03 6.107670e-04 4.706030e-03 9.869199e-01 2.501336e-01 9.476212e-01 -1.339352e+00 -8.599563e-01 -3.425291e-03 5.980509e-04 7.202904e-03 1.016037e+00 1.934688e-01 1.042716e+00 -1.339822e+00 -8.483662e-01 -2.766664e-03 5.540468e-04 7.061530e-03 
1.194142e+00 1.867322e-01 8.081346e-01 -1.460878e+00 -8.287217e-01 -2.154370e-03 3.937249e-04 1.993606e-03 1.015386e+00 1.740170e-01 9.629678e-01 -1.338241e+00 -8.048553e-01 -3.562732e-03 5.018735e-04 7.776348e-03 9.680478e-01 2.086916e-01 9.205748e-01 -1.324737e+00 -7.986205e-01 -3.255213e-03 4.358712e-04 8.006144e-03 
9.787718e-01 1.147495e-01 5.437547e-01 -1.226610e+00 -7.657403e-01 -1.765905e-03 9.386711e-05 9.169991e-03 1.039010e+00 1.469325e-01 1.024383e+00 -1.221173e+00 -8.149768e-01 -2.986976e-03 4.274214e-04 5.189024e-03 1.038301e+00 1.359015e-01 9.583883e-01 -1.277558e+00 -8.258567e-01 -2.929687e-03 4.570056e-04 8.287873e-03 
7.993378e-01 1.581510e-01 4.019585e-04 -1.263891e+00 -7.877301e-01 -2.727603e-03 4.332088e-04 1.457002e-02 9.558492e-01 2.011238e-01 7.437502e-01 -1.306018e+00 -7.854681e-01 -3.345906e-03 6.446183e-04 8.766284e-03 9.663788e-01 1.767996e-01 7.753558e-01 -1.298487e+00 -7.968849e-01 -3.667255e-03 6.243473e-04 9.008505e-03 
1.140383e+00 1.162215e-01 1.206119e+00 -1.663750e+00 -9.353831e-01 -9.604494e-04 -7.953919e-05 5.924914e-03 1.119732e+00 1.293222e-01 1.243423e+00 -1.313184e+00 -8.547091e-01 -2.186046e-03 1.720204e-04 9.541158e-03 1.126018e+00 9.850893e-02 1.032901e+00 -1.289379e+00 -8.287536e-01 -2.898169e-03 5.073245e-04 6.406007e-03 
1.006048e+00 2.179041e-01 1.258469e+00 -1.453277e+00 -8.698007e-01 -2.535845e-03 5.215007e-05 4.431144e-03 1.072772e+00 1.564663e-01 1.136763e+00 -1.250654e+00 -8.250622e-01 -3.350282e-03 4.948246e-04 7.393342e-03 1.070064e+00 1.422079e-01 1.116625e+00 -1.268537e+00 -8.531310e-01 -2.903101e-03 4.667826e-04 7.203707e-03 
1.004184e+00 1.534452e-01 1.041730e+00 -1.273510e+00 -8.532563e-01 -4.850653e-03 1.055071e-03 3.646140e-03 1.074460e+00 1.550755e-01 1.203668e+00 -1.289978e+00 -8.512100e-01 -3.626743e-03 6.486244e-04 6.343061e-03 1.031254e+00 1.904749e-01 1.037080e+00 -1.282196e+00 -8.285201e-01 -3.269311e-03 5.536663e-04 6.022637e-03 
6.835901e-01 2.988541e-01 1.971406e-01 -1.261586e+00 -7.510865e-01 -4.748369e-03 2.596751e-04 2.484365e-02 9.347530e-01 2.322332e-01 1.231692e+00 -1.278166e+00 -8.162608e-01 -3.327273e-03 7.717502e-05 1.250518e-02 9.463171e-01 1.890382e-01 9.811889e-01 -1.262431e+00 -8.194941e-01 -3.407910e-03 2.080466e-04 1.014686e-02 
1.138812e+00 2.110706e-01 5.686006e-01 -1.376728e+00 -7.965103e-01 -1.217401e-03 2.947247e-04 2.186889e-03 9.935523e-01 1.883160e-01 7.464565e-01 -1.302672e+00 -7.819955e-01 -2.561549e-03 3.646737e-04 8.174975e-03 1.032492e+00 1.553099e-01 8.107688e-01 -1.303555e+00 -7.986713e-01 -2.945340e-03 4.141769e-04 8.323838e-03 
9.853111e-01 2.265986e-01 9.638820e-01 -1.354291e+00 -8.140512e-01 -2.997042e-03 3.714012e-04 -1.805922e-04 9.569970e-01 2.401513e-01 6.199380e-01 -1.355401e+00 -7.967128e-01 -3.887821e-03 4.743442e-04 7.420547e-03 1.003445e+00 1.775488e-01 7.742448e-01 -1.353505e+00 -8.054723e-01 -3.683317e-03 4.169353e-04 7.833928e-03 
1.054474e+00 7.996469e-02 6.909735e-01 -1.394613e+00 -9.006437e-01 -3.103931e-03 9.027247e-04 1.415475e-02 1.011947e+00 1.623245e-01 9.755195e-01 -1.273444e+00 -8.365899e-01 -3.175929e-03 2.974843e-04 8.676862e-03 1.012086e+00 1.670444e-01 1.006962e+00 -1.271788e+00 -8.290459e-01 -3.243041e-03 5.569967e-04 9.123733e-03 
1.143273e+00 8.626699e-02 1.333319e+00 -1.322009e+00 -7.961340e-01 -4.084373e-03 9.696627e-04 1.481127e-03 9.237659e-01 1.745561e-01 6.476075e-01 -1.252862e+00 -7.875438e-01 -4.193465e-03 7.179242e-04 7.848272e-03 9.587558e-01 1.828028e-01 8.631053e-01 -1.291722e+00 -7.984980e-01 -3.750448e-03 5.261033e-04 1.013274e-02 
1.083147e+00 1.115354e-01 1.223106e+00 -1.287764e+00 -8.388917e-01 -1.918939e-03 4.725612e-04 6.399934e-03 9.723706e-01 2.119298e-01 8.673418e-01 -1.326217e+00 -8.098660e-01 -2.957632e-03 5.401825e-04 6.855708e-03 9.682218e-01 2.068064e-01 8.530532e-01 -1.306707e+00 -8.120636e-01 -2.959150e-03 3.739287e-04 7.011828e-03 
1.047458e+00 3.321568e-02 -1.462795e-02 -1.310291e+00 -7.450104e-01 -2.008426e-03 2.767928e-04 4.956229e-03 1.078351e+00 1.253820e-01 8.103331e-01 -1.347331e+00 -7.956798e-01 -2.438437e-03 3.365534e-04 5.546780e-03 1.033147e+00 1.614610e-01 7.982002e-01 -1.351481e+00 -8.003211e-01 -3.174031e-03 4.786592e-04 6.134962e-03 
9.538381e-01 2.304180e-01 4.732626e-01 -1.312300e+00 -8.099287e-01 -3.021044e-03 1.270493e-04 1.983288e-02 1.049019e+00 1.612812e-01 9.924373e-01 -1.337641e+00 -8.457007e-01 -3.350588e-03 4.595585e-04 9.596921e-03 1.059065e+00 1.455489e-01 1.047981e+00 -1.345568e+00 -8.405129e-01 -2.989287e-03 4.420161e-04 9.554323e-03 
1.050363e+00 1.260420e-01 7.153398e-01 -1.256885e+00 -8.028954e-01 -6.545874e-03 1.156753e-03 1.173807e-02 1.013324e+00 1.338662e-01 9.955362e-01 -1.269622e+00 -8.285622e-01 -3.671458e-03 5.116315e-04 8.334202e-03 9.961563e-01 1.667448e-01 9.101771e-01 -1.281795e+00 -8.126874e-01 -3.436908e-03 4.772894e-04 8.521938e-03 
1.271813e+00 6.046273e-02 1.126443e+00 -2.079432e+00 -1.025020e+00 9.148489e-04 -1.164425e-04 1.629649e-03 1.114403e+00 1.643556e-01 1.373610e+00 -1.276668e+00 -8.500670e-01 -2.063899e-03 3.593859e-04 7.863193e-03 1.100259e+00 1.347453e-01 1.109435e+00 -1.278754e+00 -8.370054e-01 -2.447951e-03 4.492178e-04 7.321429e-03 
1.032799e+00 3.203145e-01 1.963183e+00 -1.294584e+00 -8.670881e-01 -1.381951e-03 -2.532211e-04 8.500881e-03 1.001094e+00 1.677269e-01 1.201392e+00 -1.263095e+00 -8.264812e-01 -1.638237e-03 -7.862999e-05 8.281696e-03 1.024490e+00 1.762809e-01 1.201525e+00 -1.289506e+00 -8.351155e-01 -2.570768e-03 9.981171e-05 7.987399e-03 
1.085031e+00 1.113851e-01 8.836897e-01 -1.716752e+00 -9.412317e-01 -1.187486e-03 4.195197e-04 1.287078e-02 9.735487e-01 1.986905e-01 7.425839e-01 -1.341381e+00 -7.631414e-01 -3.401103e-03 5.738278e-04 1.014653e-02 1.005203e+00 2.050335e-01 9.684405e-01 -1.340704e+00 -7.990836e-01 -2.586164e-03 3.270870e-04 1.017093e-02 
8.894130e-01 2.586251e-01 1.002322e+00 -8.995657e-01 -7.015132e-01 -5.131839e-03 9.799393e-04 5.181564e-03 1.012436e+00 1.817760e-01 9.650175e-01 -1.307854e+00 -8.139169e-01 -3.409046e-03 6.375417e-04 7.817753e-03 1.008916e+00 1.868292e-01 1.119720e+00 -1.327463e+00 -8.419493e-01 -3.179431e-03 6.446644e-04 8.956039e-03 
1.166240e+00 8.213111e-02 1.032660e+00 -1.628231e+00 -9.414645e-01 -8.980411e-04 8.756995e-05 9.246192e-03 1.052720e+00 1.542033e-01 1.024650e+00 -1.303774e+00 -8.245047e-01 -2.683587e-03 3.636175e-04 7.463345e-03 1.080372e+00 1.346990e-01 1.053458e+00 -1.270116e+00 -8.338376e-01 -2.481807e-03 3.481305e-04 7.015286e-03 
1.160307e+00 2.296624e-01 1.503715e+00 -1.326689e+00 -7.925042e-01 -5.121089e-04 -3.262536e-04 4.136660e-03 1.097819e+00 1.015031e-01 9.714321e-01 -1.301910e+00 -7.914904e-01 -1.048085e-03 -3.083816e-05 4.211755e-03 1.028180e+00 1.686220e-01 8.869896e-01 -1.298563e+00 -8.093204e-01 -2.595708e-03 2.167150e-04 4.970004e-03 
8.747429e-01 1.829325e-01 4.029488e-01 -6.218685e-01 -5.900459e-01 -6.616112e-03 8.936698e-04 9.110527e-03 9.911416e-01 1.283509e-01 4.671611e-01 -1.321281e+00 -7.696307e-01 -3.291142e-03 2.040379e-04 3.996173e-03 9.872752e-01 1.544121e-01 6.985812e-01 -1.292437e+00 -8.056834e-01 -2.912593e-03 1.830304e-04 7.606220e-03 
9.526614e-01 2.252495e-01 1.316057e+00 -7.708934e-01 -7.284451e-01 -4.164283e-03 -6.938894e-05 1.128812e-02 1.062769e+00 1.476123e-01 1.145396e+00 -1.274144e+00 -8.448373e-01 -2.397057e-03 2.979787e-04 7.891079e-03 1.040496e+00 1.487457e-01 1.052834e+00 -1.263129e+00 -8.297127e-01 -2.892406e-03 3.913590e-04 7.592440e-03 
9.437243e-01 1.275528e-01 1.152800e-01 -1.329540e+00 -8.090669e-01 -3.561054e-03 7.595603e-04 1.908737e-02 1.041095e+00 1.677361e-01 9.949411e-01 -1.349607e+00 -8.337617e-01 -3.011405e-03 6.519042e-04 7.268734e-03 1.018139e+00 1.473750e-01 1.017506e+00 -1.339353e+00 -8.377471e-01 -3.709921e-03 6.878283e-04 8.522614e-03 
1.038081e+00 1.210285e-01 8.463019e-01 -1.076071e+00 -7.542667e-01 -4.656153e-03 7.950749e-04 1.675891e-02 1.036141e+00 1.575975e-01 1.072057e+00 -1.333722e+00 -8.255532e-01 -3.060796e-03 4.157998e-04 9.204982e-03 1.027692e+00 1.674135e-01 1.073339e+00 -1.343473e+00 -8.174855e-01 -3.174270e-03 5.425581e-04 9.484945e-03 
9.442679e-01 1.554378e-01 7.802762e-01 -1.236020e+00 -7.965006e-01 -2.157068e-03 2.531004e-04 -2.102984e-03 1.025924e+00 1.471038e-01 9.744106e-01 -1.258607e+00 -8.061381e-01 -2.217567e-03 2.358244e-04 3.704148e-03 1.037555e+00 1.545411e-01 9.760076e-01 -1.266006e+00 -8.211633e-01 -2.815160e-03 3.320183e-04 3.522906e-03 
1.147166e+00 1.076727e-01 1.216235e+00 -1.512834e+00 -9.045329e-01 -1.363201e-03 -3.915349e-04 1.795989e-02 9.775632e-01 1.865457e-01 9.277235e-01 -1.263962e+00 -7.986745e-01 -3.249863e-03 1.291863e-04 1.023003e-02 1.003285e+00 1.843595e-01 8.798745e-01 -1.296164e+00 -7.923635e-01 -3.186784e-03 2.300735e-04 9.000917e-03 
9.774844e-01 2.349139e-01 1.033782e+00 -1.158837e+00 -7.611618e-01 -3.079142e-03 -8.719387e-05 5.327087e-03 1.030125e+00 1.717383e-01 7.297454e-01 -1.397584e+00 -7.980438e-01 -3.081476e-03 2.984481e-04 7.317941e-03 1.043035e+00 1.602038e-01 8.173692e-01 -1.330824e+00 -8.148805e-01 -2.781758e-03 2.936415e-04 7.389862e-03 
1.239356e+00 1.618723e-01 2.028316e+00 -1.378379e+00 -8.385352e-01 -3.208786e-03 3.974983e-04 4.929649e-03 1.009005e+00 1.652514e-01 8.234835e-01 -1.315660e+00 -7.865510e-01 -2.958436e-03 2.384814e-04 1.141082e-02 1.018140e+00 1.662500e-01 8.227486e-01 -1.328764e+00 -7.875348e-01 -3.261991e-03 3.260052e-04 1.150146e-02 
1.004112e+00 2.418859e-02 6.102446e-01 -1.290969e+00 -8.131227e-01 -2.676799e-03 5.043483e-04 7.993359e-03 1.031849e+00 1.329422e-01 1.028871e+00 -1.296449e+00 -8.178468e-01 -2.395814e-03 4.217281e-04 9.560679e-03 1.069619e+00 1.176211e-01 1.090499e+00 -1.314671e+00 -8.323952e-01 -3.073560e-03 6.054904e-04 8.886887e-03 
1.057544e+00 2.126474e-01 8.036689e-01 -1.322619e+00 -8.146930e-01 -1.341326e-03 -1.351419e-04 5.540326e-03 9.374113e-01 2.167498e-01 9.083920e-01 -1.306288e+00 -7.960446e-01 -3.019440e-03 1.423748e-04 9.542915e-03 9.382137e-01 2.140627e-01 9.726556e-01 -1.281515e+00 -8.034507e-01 -3.009825e-03 2.759580e-04 1.024143e-02 
