1.434566e+00 -3.762033e-01 -1.089327e+00 -6.043518e-01 -9.658442e-01 -3.066820e-03 1.945295e-03 2.820956e-02 1.337394e+00 -5.080206e-02 1.013269e-01 -1.342110e+00 -6.852867e-01 6.526111e-04 4.271117e-04 1.499819e-02 1.549498e+00 -2.016492e-01 -5.881069e-02 -1.462263e+00 -6.070824e-01 -5.021321e-04 3.722300e-04 3.862198e-03 
1.455732e+00 -3.602150e-01 -1.007290e+00 -6.138096e-01 -9.635917e-01 -3.311905e-03 1.675103e-03 2.633322e-02 1.392385e+00 -6.998535e-02 3.876820e-02 -1.392189e+00 -6.541823e-01 -1.758826e-05 2.870214e-04 1.189510e-02 1.520108e+00 -1.651853e-01 -1.080164e-01 -1.468317e+00 -5.893199e-01 -9.876112e-04 2.623339e-04 3.304454e-03 
1.594769e+00 -4.689928e-01 -1.158838e+00 -6.324417e-01 -9.131623e-01 -3.539926e-03 1.820648e-03 2.159344e-02 1.485705e+00 -1.284849e-01 3.412631e-01 -1.326487e+00 -6.604304e-01 6.753463e-04 3.845730e-04 1.076804e-02 1.647180e+00 -2.526655e-01 2.258303e-01 -1.421280e+00 -6.153701e-01 -1.250132e-04 2.966196e-04 4.738736e-03 
1.575593e+00 -4.264210e-01 -7.501890e-01 -6.760825e-01 -9.445483e-01 -3.228592e-03 1.921057e-03 2.166893e-02 1.471015e+00 -1.306088e-01 2.098451e-01 -1.333803e+00 -6.648100e-01 -2.517237e-05 4.680030e-04 7.300045e-03 1.596245e+00 -2.339661e-01 1.054106e-01 -1.404367e+00 -6.239963e-01 -8.603556e-04 4.053324e-04 2.180993e-03 
1.441889e+00 -3.545541e-01 -1.107502e+00 -6.874832e-01 -8.760668e-01 -3.368422e-03 1.886146e-03 2.597671e-02 1.667048e+00 -4.699620e-01 -1.637110e+00 -1.112359e+00 -6.443133e-01 -5.107357e-03 1.571094e-03 5.393561e-03 1.503104e+00 -1.696749e-01 -2.682765e-02 -1.483465e+00 -5.846287e-01 -8.260725e-04 4.518745e-04 4.275689e-03 
1.580358e+00 -4.339131e-01 -9.727961e-01 -6.318228e-01 -9.611715e-01 -2.138169e-03 1.532517e-03 2.069377e-02 1.850276e+00 -5.716941e-01 -1.580914e+00 -1.145715e+00 -6.820374e-01 -4.531766e-03 1.502893e-03 -3.864212e-03 1.652322e+00 -2.503511e-01 -8.346592e-02 -1.505239e+00 -6.127579e-01 -4.955627e-04 3.959001e-04 -1.986407e-03 
1.516356e+00 -4.135611e-01 -8.598722e-01 -5.393805e-01 -9.219396e-01 -3.772884e-03 2.301115e-03 2.311672e-02 1.328441e+00 -3.980534e-02 1.897235e-01 -1.318077e+00 -6.156049e-01 -6.997585e-04 7.211472e-04 1.151611e-02 1.503922e+00 -1.792627e-01 4.586142e-02 -1.421235e+00 -5.761296e-01 -1.701796e-03 7.589752e-04 4.481884e-03 
1.478385e+00 -4.078879e-01 -1.088278e+00 -6.137399e-01 -9.401583e-01 -4.468164e-03 2.020736e-03 2.518390e-02 1.324451e+00 -4.518285e-02 1.946509e-01 -1.313278e+00 -6.666037e-01 -5.595655e-04 4.035820e-04 1.332200e-02 1.482293e+00 -1.685574e-01 5.934772e-02 -1.409602e+00 -6.273083e-01 -1.419459e-03 3.857028e-04 6.799351e-03 
1.446494e+00 -3.430477e-01 -1.096656e+00 -6.966796e-01 -9.007504e-01 -2.464993e-03 1.313450e-03 2.839318e-02 1.665438e+00 -4.601040e-01 -1.636602e+00 -1.105711e+00 -6.585564e-01 -4.511583e-03 1.255826e-03 5.471626e-03 1.522750e+00 -1.773430e-01 -4.299820e-02 -1.456754e+00 -6.028373e-01 -3.090278e-04 1.921990e-04 5.021045e-03 
6.992487e-01 1.916348e-02 -1.938081e+00 -2.672862e+00 -2.901415e-01 -7.001639e-03 1.956130e-04 -1.308463e-02 1.750811e+00 -5.054105e-01 -1.551144e+00 -9.527050e-01 -6.823102e-01 -4.300460e-03 1.162710e-03 -1.691127e-03 1.547389e+00 -1.798126e-01 -1.883005e-02 -1.397454e+00 -5.929774e-01 -6.573949e-04 3.708484e-04 1.163566e-03 
1.636159e+00 -5.129349e-01 -8.050449e-01 -5.488116e-01 -1.020663e+00 -1.655775e-03 1.227353e-03 2.896506e-02 1.456659e+00 -1.411340e-01 2.819720e-01 -1.320883e+00 -6.935458e-01 8.817353e-04 3.420433e-04 1.434579e-02 1.608271e+00 -2.586711e-01 1.064937e-01 -1.425180e+00 -6.270319e-01 -3.713600e-04 4.038493e-04 5.885027e-03 
1.395279e+00 -3.248264e-01 -1.234141e+00 -6.321440e-01 -9.160495e-01 -2.911897e-03 1.482793e-03 2.719514e-02 1.629322e+00 -4.207895e-01 -1.645243e+00 -1.063346e+00 -6.419535e-01 -4.797478e-03 1.466270e-03 -1.317660e-03 1.479675e+00 -1.364474e-01 -2.447195e-01 -1.454834e+00 -5.729306e-01 -8.932538e-04 3.649472e-04 1.208387e-03 
1.476829e+00 -4.251115e-01 -1.296093e+00 -5.317731e-01 -9.389293e-01 -3.617906e-03 1.702989e-03 2.434856e-02 1.386631e+00 -8.446108e-02 -4.851955e-02 -1.376250e+00 -6.173477e-01 -3.031524e-04 3.599207e-04 8.008122e-03 1.529798e+00 -1.927215e-01 -1.521923e-01 -1.461503e+00 -5.866163e-01 -1.104864e-03 4.514036e-04 2.039615e-03 
1.576112e+00 -4.608146e-01 -8.789141e-01 -5.721762e-01 -9.671142e-01 -3.169892e-03 1.815520e-03 2.830700e-02 1.402157e+00 -7.283364e-02 3.312891e-01 -1.366552e+00 -6.478469e-01 4.440986e-04 1.348220e-04 1.092473e-02 1.520343e+00 -1.685530e-01 1.425300e-01 -1.438072e+00 -5.953738e-01 -4.206699e-04 -1.893881e-05 3.241392e-03 
1.309848e+00 -4.682494e-01 -1.047039e+00 -1.904255e+00 -6.137342e-01 -1.116112e-02 1.089446e-03 -5.613519e-03 1.785248e+00 -4.915111e-01 -1.234094e+00 -1.189453e+00 -7.035783e-01 -4.733123e-03 1.598900e-03 3.003824e-03 1.615477e+00 -2.062153e-01 2.455793e-01 -1.501111e+00 -6.354755e-01 -4.272113e-04 5.088201e-04 3.123304e-03 
1.482962e+00 -4.062633e-01 -7.669965e-01 -6.366822e-01 -9.752981e-01 -2.554176e-03 1.629133e-03 2.867189e-02 1.673899e+00 -4.935160e-01 -1.360698e+00 -1.097159e+00 -6.852375e-01 -4.982432e-03 1.503869e-03 3.198565e-03 1.453274e+00 -1.599447e-01 8.565366e-03 -1.497072e+00 -5.938884e-01 -1.584147e-03 5.962073e-04 4.488309e-03 
1.769886e+00 -5.814271e-01 -8.085521e-01 -5.025248e-01 -1.006073e+00 -3.024392e-03 1.794138e-03 1.987245e-02 1.581684e+00 -1.939180e-01 3.233778e-01 -1.326503e+00 -6.671948e-01 1.973163e-04 3.955406e-04 6.847552e-03 1.678264e+00 -2.760818e-01 1.771502e-01 -1.391831e+00 -6.240322e-01 -5.566066e-04 2.337258e-04 1.096825e-03 
1.367603e+00 -3.054643e-01 -8.909372e-01 -6.293763e-01 -9.232600e-01 -2.891663e-03 2.084493e-03 2.471120e-02 1.613699e+00 -4.251602e-01 -1.477999e+00 -1.146304e+00 -6.417147e-01 -4.997718e-03 1.936577e-03 1.833213e-03 1.506096e+00 -1.703731e-01 -3.263050e-02 -1.486153e+00 -5.911687e-01 -4.499823e-04 5.285469e-04 2.059526e-03 
1.271341e+00 -4.962667e-01 2.490191e+00 -2.330863e+00 -7.724214e-01 -4.003541e-03 -4.480924e-04 -1.118795e-02 1.706059e+00 -4.893217e-01 -1.726938e+00 -1.040830e+00 -6.248673e-01 -5.133532e-03 1.202362e-03 -1.443791e-03 1.548172e+00 -1.709477e-01 -1.502887e-03 -1.412238e+00 -5.732776e-01 -9.759110e-04 2.569753e-04 -6.721730e-04 
1.587812e+00 -4.708150e-01 -1.050610e+00 -5.425628e-01 -9.332695e-01 -3.020447e-03 1.709027e-03 1.602403e-02 1.415265e+00 -8.158179e-02 2.748869e-01 -1.338759e+00 -6.352497e-01 6.659182e-04 1.733959e-04 4.484100e-03 1.549075e+00 -1.772570e-01 1.762066e-01 -1.421332e+00 -5.952786e-01 -6.609056e-05 2.111272e-04 -1.582466e-03 
1.534001e+00 -4.751577e-01 -1.166641e+00 -5.385301e-01 -9.536367e-01 -3.825418e-03 1.983719e-03 2.749242e-02 1.371462e+00 -9.393789e-02 1.092085e-01 -1.318069e+00 -6.476935e-01 -1.054462e-05 4.049801e-04 1.369343e-02 1.489929e+00 -1.936200e-01 -5.911398e-02 -1.398446e+00 -5.870213e-01 -1.134974e-03 3.589964e-04 6.520523e-03 
1.551800e+00 -3.360089e-01 -8.699420e-01 -7.596208e-01 -8.951480e-01 -2.856058e-03 1.817707e-03 1.908969e-02 1.400481e+00 -9.963977e-03 6.417302e-02 -1.395885e+00 -6.254629e-01 5.239713e-04 4.823940e-05 5.464360e-03 1.606452e+00 -1.681957e-01 -5.699400e-02 -1.513453e+00 -5.872415e-01 -4.589643e-04 1.375352e-04 -2.223382e-03 
1.633990e+00 -4.825148e-01 -1.063424e+00 -6.027512e-01 -9.442919e-01 -2.703627e-03 1.752516e-03 2.362127e-02 1.435584e+00 -9.421860e-02 3.909882e-01 -1.297210e+00 -6.929574e-01 6.987284e-04 4.473636e-04 1.303714e-02 1.573243e+00 -2.080277e-01 1.901266e-01 -1.391716e+00 -6.227257e-01 -6.462156e-04 4.503859e-04 4.229775e-03 
1.532754e+00 -4.366461e-01 -1.321395e+00 -5.872612e-01 -8.523311e-01 -3.987712e-03 1.985475e-03 1.438373e-02 1.398137e+00 -1.010499e-01 -1.003458e-01 -1.280770e+00 -5.935647e-01 -3.393036e-06 4.135702e-04 7.413058e-03 1.567539e+00 -2.312694e-01 -2.341254e-01 -1.376951e+00 -5.499343e-01 -8.641313e-04 3.695699e-04 6.299145e-06 
1.693475e+00 -5.098555e-01 -1.083421e+00 -6.329231e-01 -9.410496e-01 -2.425943e-03 1.448025e-03 1.393071e-02 1.507110e+00 -1.296862e-01 1.425102e-01 -1.374138e+00 -6.415040e-01 1.094924e-03 1.770733e-04 5.504731e-03 1.619944e+00 -2.248780e-01 -8.597872e-03 -1.449295e+00 -5.966686e-01 1.087944e-04 1.708090e-04 -2.723610e-04 
1.476084e+00 -4.026895e-01 -1.032919e+00 -6.465767e-01 -9.590445e-01 -3.442186e-03 1.428585e-03 2.749687e-02 1.387362e+00 -8.757444e-02 1.015151e-01 -1.375928e+00 -6.582444e-01 -6.299327e-05 1.301848e-04 1.126080e-02 1.531986e+00 -1.946237e-01 1.149406e-02 -1.457814e+00 -6.225500e-01 -7.371101e-04 1.280871e-04 5.123576e-03 
1.575165e+00 -4.731487e-01 -9.644442e-01 -5.053815e-01 -1.005058e+00 -2.166635e-03 1.230281e-03 2.894687e-02 1.800806e+00 -5.737896e-01 -1.499438e+00 -1.008031e+00 -6.982882e-01 -4.762280e-03 1.428054e-03 2.472127e-03 1.597695e+00 -2.418212e-01 1.740845e-01 -1.384652e+00 -6.295540e-01 -6.912509e-04 4.752089e-04 3.906761e-03 
1.701203e+00 -4.977745e-01 -4.077241e-01 -5.664873e-01 -1.015829e+00 -1.566516e-03 1.794300e-03 2.040596e-02 1.495425e+00 -1.192362e-01 3.841108e-01 -1.407817e+00 -6.654553e-01 8.221220e-04 3.528016e-04 6.783379e-03 1.653723e+00 -2.502855e-01 2.522273e-01 -1.500509e+00 -6.450897e-01 8.295622e-05 2.984462e-04 2.237792e-03 
1.560793e+00 -4.379180e-01 -9.535272e-01 -6.064369e-01 -1.001513e+00 -2.272126e-03 1.460768e-03 2.686900e-02 1.438155e+00 -1.045146e-01 1.751738e-01 -1.384877e+00 -6.886410e-01 8.109231e-04 1.116094e-04 1.059992e-02 1.581157e+00 -2.207546e-01 -1.649182e-02 -1.481919e+00 -6.200680e-01 -4.874936e-04 1.093474e-04 1.850186e-03 
1.575019e+00 -4.369260e-01 -1.369609e+00 -6.950971e-01 -8.963650e-01 -3.886868e-03 1.425756e-03 2.805549e-02 1.786965e+00 -5.349510e-01 -1.833224e+00 -1.098006e+00 -6.543390e-01 -5.704325e-03 1.325287e-03 3.519402e-03 1.609249e+00 -2.234414e-01 -1.050113e-01 -1.430461e+00 -5.950279e-01 -1.620123e-03 6.082274e-04 1.642493e-03 
1.494880e+00 -4.453780e-01 -1.359749e+00 -5.877417e-01 -9.138025e-01 -4.647259e-03 1.888216e-03 2.543643e-02 1.335324e+00 -6.122381e-02 3.978879e-02 -1.282167e+00 -6.348751e-01 -6.335873e-04 3.514804e-04 1.260986e-02 1.498694e+00 -1.812305e-01 -1.198414e-01 -1.384891e+00 -5.775406e-01 -1.532092e-03 3.095041e-04 4.031409e-03 
1.466287e+00 -3.612761e-01 -8.917357e-01 -5.993835e-01 -9.475222e-01 -3.519258e-03 2.026362e-03 2.361632e-02 1.414286e+00 -8.207181e-02 4.483647e-02 -1.392353e+00 -6.318550e-01 -5.867612e-04 7.476319e-04 1.006993e-02 1.560905e+00 -1.934560e-01 -7.477736e-02 -1.476004e+00 -5.975626e-01 -1.232240e-03 6.506665e-04 3.822677e-03 
1.480621e+00 -3.624613e-01 -1.026216e+00 -6.187991e-01 -9.365757e-01 -3.006323e-03 1.733028e-03 1.415828e-02 1.366121e+00 -2.510045e-02 9.773345e-02 -1.444557e+00 -6.453083e-01 6.752128e-04 1.304305e-04 9.035929e-03 1.563688e+00 -1.735409e-01 -4.297292e-02 -1.560480e+00 -5.823544e-01 -4.539690e-04 1.907131e-04 -3.969763e-05 
1.632247e+00 -4.987745e-01 -9.951893e-01 -6.378903e-01 -9.930647e-01 -2.171570e-03 1.492219e-03 2.386753e-02 1.461113e+00 -1.134700e-01 2.766654e-01 -1.388600e+00 -6.830932e-01 1.210390e-03 1.800136e-04 9.285068e-03 1.595315e+00 -2.171982e-01 1.105225e-01 -1.476503e+00 -6.247752e-01 2.395273e-04 1.550298e-04 1.459681e-03 
1.511759e+00 -3.962798e-01 -8.311204e-01 -5.426622e-01 -9.899925e-01 -2.043807e-03 1.135013e-03 2.827059e-02 1.717050e+00 -4.867045e-01 -1.415465e+00 -1.041718e+00 -6.878843e-01 -4.421039e-03 1.006095e-03 3.145838e-03 1.501619e+00 -1.493645e-01 2.143625e-01 -1.427102e+00 -5.959037e-01 -7.114932e-05 9.131568e-05 4.545875e-03 
1.480881e+00 -3.983805e-01 -6.881273e-01 -4.935819e-01 -9.911812e-01 -2.372402e-03 1.915079e-03 2.848444e-02 1.366628e+00 -5.785817e-02 2.196766e-01 -1.373172e+00 -6.435099e-01 -1.951174e-04 6.117232e-04 9.843760e-03 1.510957e+00 -1.774595e-01 5.473001e-02 -1.468292e+00 -5.959505e-01 -1.215482e-03 5.449479e-04 3.190554e-03 
1.499914e+00 -3.958317e-01 -1.229705e+00 -6.784597e-01 -9.259334e-01 -3.569347e-03 1.429068e-03 2.396606e-02 1.346055e+00 -2.879692e-02 8.341885e-02 -1.383713e+00 -6.288968e-01 -2.912961e-04 2.809800e-04 9.151792e-03 1.494216e+00 -1.408578e-01 -7.486836e-02 -1.479068e+00 -5.709836e-01 -1.316387e-03 3.011105e-04 9.802183e-04 
1.502080e+00 -4.408330e-01 -1.140285e+00 -5.845160e-01 -9.475678e-01 -3.066881e-03 2.053541e-03 2.787641e-02 1.318404e+00 -5.677653e-02 -8.649429e-02 -1.352511e+00 -6.346079e-01 -1.920574e-04 5.088142e-04 8.864319e-03 1.487247e+00 -1.863796e-01 -2.240490e-01 -1.453528e+00 -5.865370e-01 -1.111051e-03 5.234159e-04 1.281515e-03 
1.476123e+00 -3.806751e-01 -1.190739e+00 -6.700652e-01 -8.714230e-01 -4.454839e-03 1.902112e-03 2.213959e-02 1.371185e+00 -5.627186e-02 9.957380e-02 -1.348881e+00 -5.981263e-01 -5.477486e-04 4.362799e-04 8.535375e-03 1.515296e+00 -1.603697e-01 7.260173e-03 -1.430606e+00 -5.600936e-01 -1.165194e-03 4.462111e-04 1.714729e-03 
1.520142e+00 -3.961676e-01 -1.138674e+00 -6.830859e-01 -8.927885e-01 -3.620852e-03 1.714251e-03 1.822820e-02 1.404434e+00 -6.432369e-02 9.269094e-02 -1.394540e+00 -6.087669e-01 -2.802448e-04 5.678677e-04 4.606310e-03 1.543656e+00 -1.776858e-01 -2.161347e-02 -1.476029e+00 -5.638807e-01 -1.159845e-03 4.582565e-04 -4.395069e-04 
1.624191e+00 -4.244379e-01 -6.897185e-01 -6.491280e-01 -9.669003e-01 -1.286805e-03 1.302628e-03 2.268107e-02 1.458169e+00 -7.139552e-02 2.845357e-01 -1.452822e+00 -6.322252e-01 1.222288e-03 2.235214e-04 8.831024e-03 1.609301e+00 -1.913800e-01 1.221413e-01 -1.546944e+00 -5.856270e-01 2.902670e-04 2.103188e-04 1.406868e-03 
1.633283e+00 -5.000277e-01 -1.351504e+00 -6.363596e-01 -8.932129e-01 -4.472347e-03 2.316868e-03 1.968891e-02 1.497438e+00 -1.347865e-01 2.055706e-01 -1.336614e+00 -6.402426e-01 4.959855e-05 6.435816e-04 7.600799e-03 1.634029e+00 -2.429471e-01 1.082322e-01 -1.411013e+00 -6.047881e-01 -6.663174e-04 6.430743e-04 1.816443e-03 
1.560407e+00 -4.580504e-01 -1.019567e+00 -5.934787e-01 -9.667137e-01 -3.348848e-03 1.803307e-03 2.587079e-02 1.393596e+00 -9.549954e-02 2.000295e-01 -1.355825e+00 -6.637969e-01 -3.917275e-04 7.211152e-04 1.324502e-02 1.540760e+00 -2.043393e-01 3.816970e-02 -1.447722e+00 -6.024033e-01 -1.272256e-03 6.423640e-04 4.613250e-03 
1.555312e+00 -4.266515e-01 -1.134562e+00 -7.349143e-01 -9.458678e-01 -3.640649e-03 1.668840e-03 2.572409e-02 1.394003e+00 -7.652806e-02 -7.798102e-02 -1.407277e+00 -6.397801e-01 -4.399596e-04 2.608954e-04 9.844878e-03 1.495403e+00 -1.556475e-01 -2.083244e-01 -1.470954e+00 -5.836163e-01 -1.335261e-03 2.015402e-04 3.027204e-03 
1.526649e+00 -4.053988e-01 -1.059169e+00 -5.621245e-01 -9.433853e-01 -3.655274e-03 2.025613e-03 2.229124e-02 1.437314e+00 -5.840655e-02 1.881660e-01 -1.420104e+00 -5.987538e-01 2.546201e-04 4.571514e-04 4.818895e-03 1.562718e+00 -1.756752e-01 8.251689e-03 -1.505631e+00 -5.612820e-01 -8.097522e-04 3.835579e-04 -1.324265e-04 
1.531618e+00 -3.763577e-01 -8.240544e-01 -7.267521e-01 -9.014596e-01 -2.946771e-03 1.646942e-03 1.333876e-02 1.432859e+00 -6.526459e-02 3.407661e-01 -1.469637e+00 -6.356606e-01 4.834978e-04 3.623818e-04 5.727035e-03 1.584058e+00 -1.855617e-01 2.088148e-01 -1.563293e+00 -5.991143e-01 -3.751311e-04 4.018779e-04 -4.818787e-04 
1.629148e+00 -5.151945e-01 -7.334795e-01 -4.799750e-01 -9.776724e-01 -2.802877e-03 1.662340e-03 2.232411e-02 1.534891e+00 -1.852666e-01 2.750139e-01 -1.380771e+00 -6.423576e-01 2.080529e-04 1.916690e-04 9.670886e-03 1.611644e+00 -2.431316e-01 1.106511e-01 -1.442014e+00 -5.833421e-01 -7.460755e-04 1.925990e-04 2.314832e-03 
1.473658e+00 -3.652046e-01 -8.260447e-01 -6.256579e-01 -9.143524e-01 -1.965840e-03 1.351112e-03 2.403325e-02 1.700218e+00 -4.719395e-01 -1.367003e+00 -1.108606e+00 -6.421360e-01 -4.076933e-03 1.298605e-03 1.170700e-03 1.586289e+00 -2.180272e-01 1.705694e-01 -1.442023e+00 -5.955689e-01 -6.305483e-05 3.798883e-04 5.107732e-04 
1.611277e+00 -4.618334e-01 -8.084492e-01 -5.434763e-01 -9.713696e-01 -1.798025e-03 1.340520e-03 2.175221e-02 1.428463e+00 -8.678290e-02 4.269255e-01 -1.259774e+00 -6.940105e-01 1.499468e-03 9.271610e-05 1.201369e-02 1.596285e+00 -2.172606e-01 2.555212e-01 -1.363751e+00 -6.247239e-01 2.513032e-04 4.868694e-05 3.202326e-03 
1.690534e+00 -4.874401e-01 -7.773195e-01 -8.311820e-01 -8.821648e-01 -2.370605e-03 2.164177e-03 1.847653e-02 1.556125e+00 -1.655620e-01 3.404820e-01 -1.386578e+00 -6.742866e-01 1.474016e-03 3.426449e-04 7.675228e-03 1.667099e+00 -2.554877e-01 1.760579e-01 -1.460879e+00 -6.172271e-01 4.372176e-04 3.103861e-04 2.507880e-04 
