8.316320e-01 -1.256046e-01 7.656941e+00 6.060666e-01 -3.779962e+00 1.261367e-02 -1.354702e-05 -2.304272e-02 1.091405e+00 2.297037e-01 1.947889e+00 -3.561348e-01 -1.074346e+00 3.159773e-03 1.737584e-03 6.311352e-03 1.260973e+00 3.200326e-01 -2.675202e-01 -1.057523e+00 -8.430920e-01 5.454897e-03 -2.030106e-04 -2.001575e-03 
5.328342e-01 3.280586e-01 2.108298e+00 -3.324765e-01 -8.348418e-01 -2.566382e-03 1.680710e-04 -1.551766e-02 9.895206e-01 2.632974e-01 1.591225e+00 -3.091022e-01 -1.049833e+00 2.474867e-03 1.505814e-03 4.588054e-03 1.139317e+00 3.566181e-01 -6.320439e-01 -1.048957e+00 -8.098405e-01 4.585801e-03 -4.449218e-04 -5.251563e-03 
3.323379e+00 -4.422128e+00 -5.396596e+00 2.355869e+00 4.653346e-01 5.031561e-03 6.780374e-03 1.421039e-02 1.049521e+00 8.301880e-02 1.706369e+00 -3.103274e-01 -1.041563e+00 2.592707e-03 1.085505e-03 1.849566e-04 1.324930e+00 2.378163e-01 -5.750587e-01 -1.049535e+00 -8.136711e-01 5.856467e-03 -6.984481e-04 -6.620693e-03 
-7.672727e-01 -1.508864e+00 -1.893132e+00 4.589961e-01 -1.475029e+00 4.864565e-03 5.345928e-03 -5.785980e-02 1.091766e+00 1.202721e-01 1.644965e+00 -2.530663e-01 -1.104668e+00 3.580511e-03 1.230221e-03 5.985616e-03 1.167448e+00 2.810695e-01 -5.043528e-01 -9.846486e-01 -8.548392e-01 5.002905e-03 -6.345718e-04 -3.606507e-03 
1.925175e+00 9.429323e-01 -1.277041e+01 4.646851e+00 -1.769836e+00 1.089277e-02 -1.789214e-03 -8.467763e-03 8.827001e-01 1.564215e-01 2.043604e+00 -2.756358e-01 -1.063781e+00 4.038452e-04 1.856786e-03 9.533045e-03 1.206144e+00 3.045067e-01 -4.606763e-01 -1.033662e+00 -8.483200e-01 4.509473e-03 -2.905728e-04 -6.278255e-04 
2.310276e+00 -6.128215e-01 -5.586907e+00 3.288080e+00 -3.124353e+00 6.726280e-03 -3.019087e-03 -2.238262e-02 8.766387e-01 1.863875e-01 1.329221e+00 -4.969819e-01 -9.795187e-01 1.013429e-03 1.729656e-03 7.908089e-03 1.237659e+00 2.998834e-01 -5.018771e-01 -1.084907e+00 -8.337089e-01 5.162184e-03 -4.859156e-04 3.334543e-04 
-1.283438e+00 -6.104567e+00 5.307168e+00 8.181742e-01 8.371440e-01 3.549656e-03 1.134318e-02 -4.571920e-02 6.483583e-01 3.202532e-01 1.304998e+00 -3.832452e-01 -9.429940e-01 -4.068590e-04 1.855152e-03 1.163626e-02 1.103638e+00 3.747476e-01 -5.924495e-01 -9.504540e-01 -7.998701e-01 4.984903e-03 -6.331635e-04 -1.178767e-03 
1.735199e-01 -1.578708e+00 2.429936e+00 -2.275903e+00 -1.223057e+00 -1.159207e-02 9.852200e-03 3.176568e-02 9.971266e-01 1.697564e-01 1.379569e+00 -4.373900e-01 -1.012743e+00 1.861091e-03 1.662792e-03 9.079148e-03 1.178178e+00 3.006282e-01 -6.071628e-01 -1.038827e+00 -8.109998e-01 4.378464e-03 -3.776524e-04 5.676570e-04 
9.073385e-01 -4.987830e+00 -6.392370e+00 4.583788e-01 -7.487690e-01 3.240743e-05 4.551509e-03 -4.956373e-02 7.617076e-01 2.056389e-01 1.460027e+00 -3.588010e-01 -9.889721e-01 7.051142e-04 1.646720e-03 6.455575e-03 1.123991e+00 3.563267e-01 -8.404312e-01 -1.073981e+00 -7.891761e-01 5.123408e-03 -5.175188e-04 -3.790891e-03 
2.723326e+00 -1.643822e+00 -1.328645e+01 1.455713e+00 -1.849681e+00 -4.949278e-03 1.164125e-03 -1.370288e-02 9.400042e-01 1.798350e-01 1.408658e+00 -4.642979e-01 -9.830113e-01 1.209986e-03 1.584102e-03 4.510089e-03 1.261755e+00 2.982185e-01 -7.038823e-01 -1.079026e+00 -7.996041e-01 5.480310e-03 -9.231641e-04 -5.125392e-03 
1.348983e+00 -3.383020e+00 -8.859755e+00 6.083007e+00 -1.930561e-01 -6.593665e-03 6.273613e-03 1.970617e-02 1.388760e+00 9.760586e-02 -5.914061e-01 -1.333934e+00 -1.257578e+00 8.478674e-03 -8.711983e-04 1.382876e-02 1.237701e+00 3.388501e-01 -5.668817e-01 -1.025490e+00 -8.089142e-01 5.112823e-03 -3.155547e-04 -2.280336e-03 
-2.133011e+00 -1.911877e+00 -1.869734e+00 4.089699e+00 4.692851e-01 5.309002e-03 8.047767e-03 -1.074135e-02 7.117608e-01 2.227203e-01 2.084372e+00 -4.520459e-01 -9.868557e-01 -1.317920e-04 2.275517e-03 2.821196e-03 1.206398e+00 3.664544e-01 -4.698471e-01 -1.111544e+00 -7.945049e-01 5.635649e-03 -3.653900e-04 -4.863961e-03 
3.419210e-01 1.150827e-02 -8.581949e+00 2.432326e+00 -1.915016e+00 -5.728473e-03 1.794134e-03 2.532049e-03 9.316059e-01 2.160179e-01 1.863759e+00 -3.655788e-01 -1.046397e+00 2.031704e-03 1.227490e-03 7.088894e-03 1.247306e+00 3.697295e-01 -6.394917e-01 -1.088795e+00 -8.220035e-01 5.661730e-03 -5.892783e-04 -2.406168e-03 
-1.233369e+00 1.950166e+00 -6.035608e+00 -8.348533e-01 -1.967883e+00 -1.051780e-02 5.314437e-03 1.063405e-02 1.093355e+00 1.862202e-01 9.239754e-01 -3.113800e-01 -1.035292e+00 2.672472e-03 1.329666e-03 8.655450e-03 1.235913e+00 3.016804e-01 -4.701360e-01 -1.012652e+00 -8.581364e-01 5.055809e-03 -5.341725e-04 -1.728274e-03 
1.682537e+00 2.818380e+00 -1.884772e+01 5.738472e+00 -1.501626e+00 -3.459333e-03 -7.295045e-04 6.263626e-02 1.224082e+00 1.546435e-01 -6.050660e-01 -1.413494e+00 -1.326291e+00 8.468447e-03 -1.120670e-03 2.153952e-02 1.175811e+00 3.209390e-01 -7.078182e-01 -1.018425e+00 -8.169898e-01 3.704636e-03 -3.396887e-04 1.128597e-03 
4.123764e-01 2.710806e-01 1.629075e+00 -3.256276e-01 -7.640401e-01 -3.893204e-03 -3.051213e-04 -1.697497e-02 9.077815e-01 1.941395e-01 1.145617e+00 -2.998338e-01 -9.941366e-01 1.392822e-03 1.190665e-03 3.137396e-03 1.171753e+00 3.166587e-01 -8.466338e-01 -9.521120e-01 -8.087675e-01 4.369484e-03 -3.288428e-04 -3.959214e-03 
1.579353e+00 -2.597762e+00 -1.157066e+01 1.502455e+00 -1.602874e-01 -2.720219e-03 5.419252e-03 -1.015357e-02 1.215681e+00 1.731941e-01 -8.608782e-01 -1.377568e+00 -1.192640e+00 7.108364e-03 -6.898302e-04 1.041521e-02 1.210562e+00 3.061538e-01 -7.111400e-01 -1.094547e+00 -7.765247e-01 4.854942e-03 -3.708184e-04 -6.537484e-03 
9.743844e-01 -8.288594e+00 9.541686e-01 -3.062185e+00 -4.679602e-01 4.177813e-04 7.871231e-03 -9.008510e-02 1.051546e+00 1.208917e-01 1.109484e+00 -4.394916e-01 -1.026539e+00 1.350420e-03 1.339592e-03 1.249030e-02 1.190393e+00 3.151180e-01 -5.995718e-01 -1.070562e+00 -8.347555e-01 3.702998e-03 -1.716955e-04 2.510180e-03 
-1.563936e+00 1.489751e-01 -1.530894e+00 2.197753e+00 -1.497399e+00 -3.643193e-03 4.660611e-03 -3.796774e-03 9.306878e-01 1.572665e-01 2.219751e+00 -3.984666e-01 -1.054789e+00 6.593582e-04 2.152936e-03 7.052140e-03 1.268371e+00 3.286505e-01 -2.244807e-01 -1.057243e+00 -8.512828e-01 5.475465e-03 -1.289507e-04 -1.977349e-03 
1.710010e+00 -2.609124e-01 -3.834620e+00 1.183881e+00 -6.901322e-01 8.034777e-03 3.371254e-03 3.898357e-02 8.053272e-01 1.212083e-01 1.711148e+00 -2.217437e-01 -1.021890e+00 -1.058685e-03 1.712143e-03 1.108025e-02 1.191984e+00 3.182503e-01 -7.294882e-01 -1.031870e+00 -7.862908e-01 3.554853e-03 -2.952392e-04 -2.088499e-03 
2.141921e+00 -2.358736e+00 -7.593224e+00 -8.598842e-01 -1.893370e+00 -1.735172e-03 2.327813e-03 -2.702849e-02 1.307281e+00 1.229962e-01 -7.987039e-01 -1.400292e+00 -1.284077e+00 5.733092e-03 -2.185341e-04 1.608054e-02 1.209652e+00 3.139666e-01 -6.635594e-01 -1.023221e+00 -8.360917e-01 4.007097e-03 -1.977349e-04 -8.553038e-05 
3.121496e+00 3.633998e-01 -1.212056e+01 -4.967037e+00 -2.050754e+00 -1.805683e-02 5.237627e-03 4.185100e-02 1.057766e+00 1.797462e-01 1.489596e+00 -3.315262e-01 -1.071798e+00 2.769503e-03 1.607522e-03 1.214854e-02 1.195746e+00 2.898773e-01 -5.352774e-01 -1.078628e+00 -8.459971e-01 4.799882e-03 -2.538356e-04 1.134730e-03 
-2.849954e-01 -9.535430e-01 -7.706129e+00 3.835429e+00 -7.241112e-01 7.480337e-03 2.725430e-03 -2.219558e-02 9.978364e-01 2.244880e-01 1.389177e+00 -3.935666e-01 -1.026063e+00 2.425914e-03 1.569060e-03 6.559200e-03 1.143353e+00 3.297021e-01 -6.546369e-01 -1.022158e+00 -8.078430e-01 4.713179e-03 -5.468555e-04 -1.500615e-03 
6.362434e-01 -2.301048e+00 1.123956e+00 -8.735860e-01 -1.792012e+00 -1.493180e-03 5.100054e-03 -3.427751e-03 7.387990e-01 1.613656e-01 1.349667e+00 -3.598286e-01 -1.007824e+00 1.760315e-04 2.279262e-03 9.765797e-03 1.140627e+00 3.311988e-01 -5.428041e-01 -1.059747e+00 -8.394566e-01 4.836602e-03 -2.121227e-04 6.620400e-05 
-4.533855e+00 -9.232688e-01 9.118009e+00 2.049259e+00 -2.250050e+00 1.440532e-02 2.952911e-03 -8.117438e-02 9.123821e-01 1.941494e-01 1.218801e+00 -4.657678e-01 -9.791933e-01 1.092704e-03 1.363762e-03 1.102879e-02 1.215034e+00 2.952663e-01 -6.605014e-01 -1.050238e+00 -8.146404e-01 4.954251e-03 -4.730178e-04 -5.489256e-04 
1.145813e+00 3.480356e-01 -1.964663e+01 2.048753e+00 -3.602199e-01 -6.471021e-03 3.001514e-03 7.992007e-03 7.312112e-01 1.335327e-01 1.516624e+00 -2.406472e-01 -1.034384e+00 6.884222e-05 1.897981e-03 7.921578e-03 1.173729e+00 2.953932e-01 -6.449537e-01 -9.781455e-01 -8.364181e-01 4.768216e-03 -3.910873e-04 -2.255154e-03 
3.754376e+00 -1.076508e-01 -1.308220e+01 2.273927e+00 -1.082494e+00 -8.080720e-03 3.562605e-03 7.695975e-02 1.062028e+00 7.190891e-02 1.484931e+00 -4.141575e-01 -1.061882e+00 1.065341e-03 2.065042e-03 8.307926e-03 1.233348e+00 2.492346e-01 -4.752279e-01 -1.059425e+00 -8.528563e-01 4.239360e-03 2.692643e-05 -1.136724e-03 
-3.600559e-02 -2.118253e+00 -1.653372e+01 8.879232e-01 4.087071e-02 -1.291231e-02 5.821755e-03 -1.890093e-02 1.344614e+00 1.042771e-01 -5.224477e-01 -1.370440e+00 -1.305042e+00 7.301085e-03 -1.124447e-03 1.571549e-02 1.216085e+00 3.553046e-01 -4.030156e-01 -1.027209e+00 -8.093027e-01 4.897216e-03 -7.685209e-04 -2.751154e-03 
2.487764e+00 -1.643940e+00 -8.702359e+00 4.375514e+00 -1.093706e+00 -2.112805e-03 2.723512e-03 2.243175e-02 9.192232e-01 9.228742e-02 1.974587e+00 -3.431977e-01 -1.072911e+00 -2.148634e-04 2.195157e-03 9.753789e-03 1.282770e+00 2.839743e-01 -5.450303e-01 -1.089177e+00 -8.496812e-01 5.178594e-03 -4.306576e-04 -3.341940e-05 
2.450064e+00 8.730378e-01 -1.529671e+01 1.398202e+00 -2.429220e-01 -2.426605e-03 4.531065e-03 6.356863e-02 1.018303e+00 1.595843e-01 1.080783e+00 -4.833212e-01 -1.017734e+00 2.078204e-04 2.172855e-03 1.474391e-02 1.243205e+00 2.885891e-01 -5.331645e-01 -1.048712e+00 -8.595834e-01 4.302755e-03 -1.664054e-04 -1.561459e-03 
2.932978e+00 -3.264936e+00 -2.697146e+00 4.778949e+00 6.915596e-03 1.136708e-02 3.917400e-03 4.934966e-02 9.037912e-01 1.609271e-01 1.727562e+00 -4.167965e-01 -1.022415e+00 1.367716e-03 1.493183e-03 9.908133e-03 1.135057e+00 3.512524e-01 -5.962819e-01 -1.068346e+00 -8.028617e-01 4.874462e-03 -3.368852e-04 -2.698747e-03 
-2.569178e+00 5.399263e+00 -6.274984e+00 -7.957809e-01 -4.398473e+00 2.403435e-03 -3.336532e-03 -4.316342e-02 1.313281e+00 8.856382e-02 -4.403782e-01 -1.423682e+00 -1.349832e+00 1.014822e-02 -1.003359e-03 1.711580e-02 1.251255e+00 2.773178e-01 -5.644139e-01 -1.038980e+00 -8.618919e-01 5.463361e-03 -6.706789e-04 -3.064068e-03 
-2.195653e+00 -5.031188e+00 2.339499e+00 3.130617e-01 -5.492872e-01 7.196286e-03 6.825978e-03 -9.185028e-02 9.956742e-01 5.350508e-02 1.892712e+00 -3.095292e-01 -1.068062e+00 1.226255e-03 1.997431e-03 6.447574e-03 1.286199e+00 2.625798e-01 -5.326216e-01 -1.041165e+00 -8.308523e-01 5.551675e-03 -3.908368e-04 -2.750327e-03 
-6.861875e-01 -3.707727e+00 2.183061e+00 1.002204e+00 -5.228793e-01 1.171776e-02 5.458281e-03 -5.185090e-02 9.003444e-01 2.900867e-01 9.323877e-01 -3.163695e-01 -9.806847e-01 2.568499e-03 1.159967e-03 1.076589e-02 1.165927e+00 3.177987e-01 -5.938932e-01 -9.888357e-01 -8.322839e-01 5.019450e-03 -4.137126e-04 -5.492783e-04 
2.966191e+00 3.603631e-01 -1.031427e+01 1.273788e+00 -2.562234e+00 4.563438e-04 -5.112339e-04 9.224331e-03 9.982100e-01 1.136782e-01 1.453600e+00 -3.307050e-01 -1.057988e+00 2.107021e-03 1.482724e-03 9.352716e-03 1.133467e+00 2.688073e-01 -1.000826e+00 -1.017018e+00 -8.064895e-01 4.778984e-03 -3.978157e-04 -2.042974e-03 
2.468893e+00 -6.069171e+00 -4.102089e+00 5.623491e+00 6.274647e-01 1.011762e-02 5.444748e-03 -1.392725e-03 1.152300e+00 3.857060e-02 2.131791e+00 -3.863543e-01 -1.151305e+00 3.495897e-03 1.177833e-03 4.200443e-03 1.231918e+00 3.118968e-01 -3.643269e-01 -1.114961e+00 -8.597878e-01 5.542731e-03 -6.048545e-04 -1.564093e-03 
6.302216e-01 1.899111e-01 2.012474e+00 -3.745449e-01 -8.497012e-01 -2.831387e-03 1.378282e-04 -1.179518e-02 1.110438e+00 1.146298e-01 1.526511e+00 -3.535536e-01 -1.072935e+00 2.278792e-03 1.618579e-03 7.859237e-03 1.216626e+00 3.210347e-01 -6.353628e-01 -1.058943e+00 -8.212973e-01 4.651723e-03 -2.039421e-04 -2.217849e-03 
6.329731e+00 -1.858926e+00 -1.901052e+01 1.538965e+00 -1.708774e+00 -1.640063e-02 1.556545e-03 5.990711e-02 9.117284e-01 1.413284e-01 1.448486e+00 -3.169533e-01 -1.021650e+00 2.635617e-04 2.419244e-03 6.630131e-03 1.124461e+00 3.357152e-01 -8.454259e-01 -1.057262e+00 -7.980920e-01 4.066304e-03 3.429588e-05 -1.218124e-03 
4.692208e-01 1.013955e+00 -2.085319e+01 2.494566e+00 -2.288488e+00 -7.857146e-03 -2.043575e-03 -3.225922e-02 7.767253e-01 2.554164e-01 1.286586e+00 -4.076112e-01 -1.003785e+00 1.445513e-04 2.257070e-03 1.456319e-02 1.077555e+00 4.354340e-01 -7.988634e-01 -1.082242e+00 -7.899809e-01 4.773336e-03 -3.068829e-04 1.889920e-03 
3.663151e+00 -2.270423e+00 -5.572302e+00 1.974768e+00 -1.592676e+00 -3.294407e-04 3.035352e-03 3.533063e-02 7.729967e-01 2.251063e-01 1.762831e+00 -2.784206e-01 -9.984418e-01 -1.674023e-03 2.608216e-03 1.174898e-02 1.132325e+00 3.765986e-01 -7.903751e-01 -1.036321e+00 -7.761537e-01 3.952575e-03 -3.834474e-04 -2.323105e-03 
3.438829e-01 -1.598984e+00 -2.376549e+00 6.250985e+00 -3.631601e-01 1.070413e-02 2.670246e-03 2.935598e-02 1.070458e+00 1.449847e-01 1.944714e+00 -4.070558e-01 -1.033066e+00 2.128527e-03 1.314688e-03 4.413263e-03 1.230376e+00 3.250817e-01 -5.699542e-01 -1.109709e+00 -7.925971e-01 4.673757e-03 -4.532058e-04 -2.254350e-03 
-4.191511e-01 -3.310775e+00 7.944941e+00 6.071592e-01 -1.429076e+00 1.096701e-02 5.553977e-03 -3.809446e-02 8.789699e-01 8.959360e-02 1.798151e+00 -4.048352e-01 -1.033570e+00 4.948756e-04 2.080449e-03 4.271501e-03 1.239147e+00 2.574601e-01 -6.687008e-01 -1.103476e+00 -8.149322e-01 4.755519e-03 -2.560788e-04 -5.488006e-03 
1.145339e+00 2.963099e-01 -5.747319e+00 -2.394807e-01 -2.592132e+00 8.080222e-03 -5.143251e-04 -4.422349e-02 8.831478e-01 1.671699e-01 1.836886e+00 -4.559943e-01 -1.017776e+00 8.240792e-04 1.647149e-03 8.304539e-03 1.239317e+00 3.510336e-01 -3.908012e-01 -1.115938e+00 -8.317581e-01 5.558691e-03 -5.162953e-04 -5.663848e-04 
1.442392e+00 -6.949061e+00 3.303794e+00 3.025316e+00 -1.413541e+00 -4.377030e-04 5.351705e-03 -3.877372e-02 1.025444e+00 6.809768e-02 1.789408e+00 -3.154637e-01 -1.091211e+00 1.401272e-03 1.392710e-03 1.055223e-02 1.190952e+00 3.043552e-01 -5.700724e-01 -1.032404e+00 -8.508636e-01 4.937371e-03 -4.085251e-04 -5.623355e-04 
-1.863650e+00 -1.154275e+00 5.875811e-01 7.046572e-01 -2.747896e+00 6.189455e-03 3.466345e-04 -8.000554e-02 9.766341e-01 2.315016e-01 1.156924e+00 -1.864303e-01 -1.034221e+00 2.670776e-03 1.051271e-03 1.115733e-02 1.231836e+00 3.043650e-01 -5.877640e-01 -1.052257e+00 -8.337357e-01 5.037576e-03 -2.528563e-04 -1.589103e-03 
-3.385102e+00 -2.747645e+00 9.061219e+00 3.140073e-01 -1.932673e+00 -3.162417e-03 6.370198e-03 -4.985687e-02 1.153875e+00 5.152821e-02 2.032143e+00 -2.795388e-01 -1.113607e+00 2.499568e-03 1.014148e-03 6.870580e-03 1.300404e+00 2.676453e-01 -5.280592e-01 -1.095867e+00 -8.335606e-01 5.082748e-03 -6.768356e-04 -6.069095e-03 
4.247062e+00 -5.939956e-01 -1.716357e+01 9.772600e-01 -1.349401e+00 -9.716215e-03 1.709371e-03 5.253985e-02 9.054019e-01 1.835424e-01 7.008115e-01 -3.866720e-01 -9.866636e-01 9.787361e-04 1.721597e-03 1.258678e-02 1.148827e+00 3.399734e-01 -6.761477e-01 -1.088000e+00 -8.178048e-01 4.202064e-03 -1.937170e-04 6.425140e-05 
1.382594e+00 -2.678652e+00 -7.714862e+00 4.867983e+00 -1.241551e+00 1.286779e-02 7.795913e-04 -4.613826e-02 7.616564e-01 1.430371e-01 1.784349e+00 -4.234625e-01 -9.927592e-01 -8.923990e-04 2.363756e-03 5.602200e-03 1.164171e+00 3.208286e-01 -6.740369e-01 -1.096161e+00 -7.994821e-01 4.718681e-03 -2.292684e-04 -4.306269e-03 
1.003470e+00 8.463446e-01 -6.389123e+00 -5.514459e-01 -2.746900e+00 1.126159e-03 7.364990e-04 -2.510046e-02 8.169684e-01 2.174219e-01 1.969075e+00 -2.927531e-01 -1.036354e+00 4.368276e-04 2.004119e-03 7.490541e-03 1.189404e+00 3.311417e-01 -6.457233e-01 -1.013243e+00 -8.054997e-01 5.460991e-03 -4.722281e-04 -4.669698e-03 
-1.857861e+00 -1.291898e+00 -1.939325e-01 5.787825e+00 -1.740747e+00 8.124319e-03 2.094557e-03 -4.935235e-02 8.912806e-01 2.358598e-01 1.124161e+00 -4.170431e-01 -9.860029e-01 1.817812e-04 2.193179e-03 1.091968e-02 1.219827e+00 3.457888e-01 -7.713741e-01 -1.066393e+00 -8.074828e-01 4.519366e-03 -3.832045e-04 -2.192148e-03 
